1
int_0
-1
-1
10
1
1
int_1
2
11
1
10
11
9
-1
1
int_0
-1
-1
12
1
1
10
2
13
1
12
13
9
-1
1
12
-1
-1
-1
1
12
-1
-1
-1
1
4
-1
-1
14
1
3
-1
-1
15
1
14
15
8
-1
1
12
-1
-1
-1
1
12
-1
-1
-1
1
12
-1
-1
-1
1
12
-1
-1
-1
1
12
-1
-1
-1
1
2
-1
-1
12
1
10
-1
-1
-1
1
2
-1
-1
10
1
4
-1
-1
10
1
4
-1
-1
11
1
10
-1
-1
-1
1
0
-1
-1
13
1
10
11
9
-1
1
10
11
9
-1
1
11
-1
-1
-1
1
7
-1
-1
12
1
12
13
8
-1
1
11
-1
-1
-1
1
2
-1
-1
11
1
10
-1
-1
-1
1
11
-1
-1
-1
1
10
11
9
-1
1
10
-1
-1
-1
1
4
-1
-1
14
1
14
13
9
-1
1
10
-1
-1
-1
1
0
-1
-1
10
1
11
-1
-1
-1
1
10
-1
-1
-1
1
10
-1
-1
-1
1
13
-1
-1
-1
1
10
-1
-1
-1
1
2
-1
-1
10
1
0
-1
-1
11
1
10
11
9
-1
1
10
-1
-1
-1
1
11
-1
-1
-1
1
10
-1
-1
-1
1
11
-1
-1
-1
1
0
-1
-1
10
1
10
int_0
8
-1
1
int_0
-1
-1
10
1
0
-1
-1
11
1
10
11
9
-1
1
10
-1
-1
-1
1
10
-1
-1
-1
1
2
-1
-1
10
