1
0
-1
-1
10
1
0
-1
-1
11
1
10
-1
-1
-1
1
3
-1
-1
15
1
10
11
9
-1
1
10
11
9
-1
1
11
-1
-1
-1
1
4
-1
-1
14
1
14
15
8
-1
1
11
-1
-1
-1
1
4
-1
-1
11
1
10
-1
-1
-1
1
11
-1
-1
-1
1
10
11
9
-1
1
10
-1
-1
-1
1
7
-1
-1
18
1
18
15
9
-1
1
10
-1
-1
-1
1
5
-1
-1
10
1
11
-1
-1
-1
1
10
-1
-1
-1
1
10
-1
-1
-1
1
15
-1
-1
-1
1
10
-1
-1
-1
1
5
-1
-1
10
1
3
-1
-1
11
1
10
11
9
-1
1
10
-1
-1
-1
1
11
-1
-1
-1
1
10
-1
-1
-1
1
11
-1
-1
-1
1
0
-1
-1
10
1
10
int_0
8
-1
1
int_0
-1
-1
10
1
1
-1
-1
11
1
10
11
9
-1
1
10
-1
-1
-1
1
10
-1
-1
-1
1
3
-1
-1
10
